[1, 2, 3, 5, 8, 13, 21, 34, 55, 89, 144, 233, 377, 610, 987]
Rehearsal --------------------------------------------
enum       0.000000   0.000000   0.000000 (  0.000540)
function   0.000000   0.000000   0.000000 (  0.000316)
----------------------------------- total: 0.000000sec

               user     system      total        real
enum       0.000000   0.000000   0.000000 (  0.001098)
function   0.000000   0.000000   0.000000 (  0.000310)
[1, 2, 3, 5, 8, 13, 21, 34, 55, 89, 144, 233, 377, 610, 987]
