1 0 1 1
3 2 1 5
5 0 5 5
12 0 12 12
17 5 12 22
18 17 1 35
20 15 5 35
22 0 22 22
26 25 1 51
28 23 5 51
35 0 35 35
41 29 12 70
43 8 35 51
46 24 22 70
51 0 51 51
52 40 12 92
57 35 22 92
59 58 1 117
61 56 5 117
70 0 70 70
73 72 1 145
75 70 5 145
76 41 35 117
81 11 70 92
84 33 51 117
90 55 35 145
92 0 92 92
94 82 12 176
98 47 51 145
99 77 22 176
111 99 12 210
116 94 22 210
117 0 117 117
123 53 70 176
124 123 1 247
126 121 5 247
131 14 117 145
134 42 92 176
140 70 70 210
141 106 35 247
144 143 1 287
145 0 145 145
146 141 5 287
149 98 51 247
151 59 92 210
161 126 35 287
169 118 51 287
171 159 12 330
176 0 176 176
176 154 22 330
182 65 117 247
193 17 176 210
194 182 12 376
196 51 145 247
199 177 22 376
200 130 70 330
202 85 117 287
210 0 210 210
211 119 92 330
213 212 1 425
215 210 5 425
216 71 145 287
223 153 70 376
230 195 35 425
234 142 92 376
238 187 51 425
239 238 1 477
241 236 5 477
247 0 247 247
253 77 176 330
256 221 35 477
264 213 51 477
267 20 247 287
270 60 210 330
271 154 117 425
272 260 12 532
276 100 176 376
277 255 22 532
285 140 145 425
287 0 287 287
293 83 210 376
297 180 117 477
301 231 70 532
301 289 12 590
306 284 22 590
311 166 145 477
312 220 92 532
326 325 1 651
328 323 5 651
330 0 330 330
330 260 70 590
336 89 247 425
341 249 92 590
343 308 35 651
351 300 51 651
353 23 330 376
354 178 176 532
356 69 287 425
358 357 1 715
360 355 5 715
362 115 247 477
371 161 210 532
375 340 35 715
376 0 376 376
382 95 287 477
383 207 176 590
383 332 51 715
384 267 117 651
397 385 12 782
398 253 145 651
400 190 210 590
402 380 22 782
416 299 117 715
425 0 425 425
426 356 70 782
430 285 145 715
431 101 330 532
432 420 12 852
437 345 92 782
437 415 22 852
449 202 247 651
451 26 425 477
454 78 376 532
460 130 330 590
461 391 70 852
463 462 1 925
465 460 5 925
469 182 287 651
472 380 92 852
477 0 477 477
479 303 176 782
480 445 35 925
481 234 247 715
483 107 376 590
488 437 51 925
496 286 210 782
501 214 287 715
501 500 1 1001
503 498 5 1001
514 338 176 852
518 483 35 1001
521 404 117 925
526 475 51 1001
531 321 210 852
532 0 532 532
535 390 145 925
538 113 425 651
546 534 12 1080
551 529 22 1080
